611 -0.10474629 3.7541395836 -3.755288566
604 0.4783206672 2.1292206744 -3.6643386766
616 -0.413756178 0.8361662016 -3.6715772479
614 3.9866045664 1.5452484684 -3.8894097281
622 -0.491709864 -1.2006668136 -3.6448907305
638 1.0690206996 1.3653557868 -3.9237364342
639 -2.077307646 -1.812900606 -3.9404728661
631 0.7103790312 3.9897187668 -3.2258316362
641 0.5017118088 -2.8270570884 -3.6873906393
642 -0.2552761992 -3.7938711204 -3.769780322
640 -0.4868220708 -2.8237839756 -3.838365528
653 -0.0690039336 -0.2957756652 -3.5952342702
654 -2.6830611312 -3.883869816 -3.6155655582
651 0.8734252032 -1.9104554868 -3.5415516632
657 3.5049120132 2.369011884 -3.4685164072
650 -3.6264883572 -1.2754689312 -3.5998475879
662 -1.0656812304 -0.2476510824 -3.5295891135
660 -2.9504271036 2.0053279224 -3.3290668628
665 -2.116448154 2.4801786492 -3.7290309367
663 3.7560336744 -0.8714843676 -3.6601725959
659 -0.4795464012 2.8028394564 -3.7536065308
664 1.2223722828 2.7886640112 -3.7659317278
671 -2.2606973472 1.4977639692 -3.8450068719
667 3.2558082432 1.4347190748 -3.2150383476
668 -3.736172166 1.7703811416 -3.971639891
670 1.0134745572 -0.3138343056 -3.8628457258
680 -3.3818106192 -2.9203561008 -3.8390076899
681 1.7101614324 -1.3663590648 -3.6024369621
679 -2.0599908708 -0.2954740908 -3.4178836825
683 -2.2222760976 3.676585428 -3.686191457
677 0.2990176368 -1.2042519 -3.033262885
682 2.1294587568 -3.114421524 -3.9511350154
686 2.3796985836 -3.984064992 -3.0671790457
687 -2.982796596 -2.0403790392 -3.5826862266
692 -1.2336301884 -2.335869882 -3.3864897004
693 2.4752882772 -2.0648817612 -3.5191189069
690 -2.6409963144 -1.1029800516 -3.518547301
688 -0.6045374568 1.8159021564 -3.6212958586
701 3.2611001028 3.316810302 -3.2649669383
697 2.776224996 -0.5901108 -3.7322393902
700 -1.2473080188 3.623135628 -3.4710364747
696 1.5371701584 0.5171782212 -3.6762686267
698 -0.078198354 -2.0922083592 -3.2938867763
705 -3.2298180024 -0.2170835844 -3.4967230995
707 0.3954202704 3.0416458368 -3.2643902732
706 -1.2548277564 2.4617248992 -3.2222106812
711 -1.8983945628 -3.117468456 -3.4314612268
703 3.7382906964 -2.7985250808 -3.8620974137
708 1.5181574592 -3.442561584 -3.232748443
712 -0.4925598612 3.3126556104 -2.8935950727
718 -0.6269267604 -0.6808334976 -2.7424384589
716 0.70186809 -3.9419470824 -3.5223582922
714 3.7815908928 -2.037314502 -3.2153917104
715 3.7816358604 0.6402106176 -3.517796233
723 3.9103995528 -3.8676773184 -2.6451964158
727 -1.4773366176 -1.1572693812 -3.4826546919
722 -1.4086660992 0.9830825472 -3.7501016646
725 -0.8177289624 -1.6617007236 -2.7764670752
736 -3.9889373688 -3.2070626412 -3.0981891672
734 0.5492878308 0.599581764 -3.5457796974
737 -3.1446978168 1.0600268544 -3.5903896584
731 2.2913285328 1.2452391744 -3.3975662422
730 -1.720718628 1.5647761188 -2.9994830251
740 -3.9437736804 2.322419856 -3.1385450571
743 1.0974267468 0.0779238252 -2.892957071
744 -0.1162795608 -3.1249759404 -2.9601052069
745 2.8386207804 0.4180609344 -3.2701209952
741 -3.2769363804 3.0998231532 -3.3186193637
746 0.170881902 1.3906870944 -3.0655963624
749 -2.1664935672 -2.2375708752 -3.0398988225
748 1.9134690552 -0.3295423956 -3.3008446023
753 3.049216038 -1.3430249088 -3.1344417607
752 3.70822647 -0.1752039864 -2.9448455282
751 -3.7000411452 -2.2660304448 -2.9234466622
764 2.5127093868 2.3436021768 -3.3501896645
757 -1.3790292768 0.460732128 -2.8980695259
760 0.8344641156 -2.8979952756 -2.7477785561
761 1.5925825404 1.954934886 -3.3093816985
765 1.6249581744 -2.4507420108 -3.1640674687
769 2.533791636 3.9858496452 -3.1146102764
772 1.1784295488 1.1046141864 -2.9515932331
771 -2.2769895096 0.6712344684 -3.282764184
768 3.1062733584 -3.515064186 -3.568418365
773 2.4585635832 -2.9827771428 -3.0165285332
774 -2.6302798152 1.3528983072 -2.642065763
782 -2.8143713028 -3.0826599264 -3.0317727057
779 -3.6143014836 1.4429336292 -2.7954654841
776 3.5651374332 -2.9547759408 -2.8788725372
778 1.695620826 3.4462398708 -3.1810279221
775 -0.7867341204 1.2610996464 -2.8100190758
786 -3.7241290644 -0.7099572048 -2.7809532464
784 -2.1055088088 -3.8641172628 -2.7996398542
788 1.9787499528 0.5336427912 -2.7686386979
792 -0.2145599748 2.3524762356 -2.8739595952
791 3.1226417508 2.1816591504 -2.5637300154
787 -3.10247799 -1.4905954956 -2.7210273386
785 -3.2764416216 0.4831999188 -2.7847565434
789 -1.6740802068 -0.4087529916 -2.502624415
796 2.1480381048 -1.2949745364 -2.7044663946
799 -2.7149614716 -0.53364348 -2.7002028995
800 2.4845850084 3.0849359724 -2.6798993968
798 -2.0768080632 -1.3031268048 -2.6960830553
794 -1.8852732888 -2.967169506 -2.4167477221
805 -2.3202608424 0.3372264792 -2.3417482999
808 -0.8857314348 -2.6710338456 -2.5110280128
802 -2.3568157956 3.034415226 -2.9325181302
807 0.9705323364 -3.8922601104 -2.5283001371
810 0.1218689568 -1.4032223052 -2.0696515814
809 1.1884188936 2.6909685144 -2.7671744935
818 1.0855917768 -1.8582617928 -2.5657771035
817 1.126947594 3.6321756804 -2.3802226231
819 -1.0354846404 -3.5191007856 -3.0192270057
814 1.2364576344 -0.9111184224 -2.8488485319
813 -3.8766100884 -3.901811214 -2.3884202538
812 -0.3962709588 0.2875035528 -2.8368729064
827 1.6384548432 1.3348396356 -2.0941993127
823 2.1181148472 3.8881804524 -2.2104510208
825 2.6217053736 1.292804778 -2.4549371243
821 3.9787974384 2.8585066176 -2.7370755085
824 -2.8780355028 -3.7182850764 -2.1822114747
828 3.5808224052 0.765698058 -2.5468863669
832 -0.9797285868 0.1413291312 -2.0390766379
833 0.2882215596 -0.3585625464 -2.5006097033
835 2.9532977112 -2.2029021972 -2.633967292
837 2.7413831232 -0.4775634696 -2.7392453039
840 3.8735072652 -1.2766026252 -2.5732009277
845 3.99212451 -2.2168353096 -2.254513962
849 0.7813220352 1.8486937464 -2.4151647908
850 0.0911992692 -2.3636907672 -2.3460266626
853 -3.539656716 -2.970454476 -2.2322870798
852 -1.1581615788 -1.1112342912 -2.0127269727
848 -1.4365891116 3.2074438164 -2.5817007867
854 -2.1552013836 2.2231327704 -2.385272489
860 0.4346837004 0.665865108 -2.4302031109
857 2.9541974136 -3.5579073612 -2.3661618074
858 -1.1805544548 2.0198521224 -2.2918194488
863 -1.1402993484 -3.5071060248 -2.0251680477
859 2.0948119152 2.1437684712 -2.4642452401
864 -1.5947285148 -2.0327139516 -2.2114737945
862 -1.478060574 1.0717358772 -2.1130077784
865 -0.1188619644 1.9064813784 -1.9846968192
868 3.830084856 3.9480599664 -2.6245124532
871 2.7564733404 0.343975914 -2.1693495592
869 1.2830150376 0.4086972852 -1.9683465822
882 0.1600493052 3.88523748 -2.3976260789
881 -2.7835796412 -2.3171085912 -2.2574499503
877 0.3505786296 2.9124645456 -2.2688839717
880 0.7518172116 1.2052052976 -1.6505091746
876 1.8515593704 -0.3422486784 -2.3034787255
875 1.9958440896 -2.184697656 -2.2744131348
879 -0.3426246924 -0.5753490876 -1.7557702264
884 -0.6706912872 -1.965987768 -1.8354588822
889 1.7644490832 2.9639368188 -1.9974496829
883 2.97082941 -1.3346067912 -2.1377877679
886 3.3890492016 1.435343976 -1.8297123905
897 1.0068698244 -0.6639052836 -1.8760053384
899 -1.5814192356 2.6803758276 -1.6574949843
895 -3.2246807076 -0.0873546408 -1.9654452581
894 -3.22418289 1.7314626 -1.9212171148
896 -3.1107945048 2.539396062 -2.499460059
901 -2.2754695236 1.5086893668 -1.6971306326
902 -2.6100557436 2.7344812656 -1.6562324473
904 -3.5317579908 -1.0321496304 -1.854361312
905 0.2712094584 -3.3531985368 -2.059972067
912 -0.3939014508 0.946237596 -1.9462692192
913 -2.8595633304 -2.9869239252 -1.4994656891
910 3.4748765976 -2.932383156 -1.7852990749
918 -0.8036552052 3.7902110148 -2.0720544131
911 1.0000161 -2.602256064 -1.8070767764
917 2.6658563256 2.5783932492 -1.7676515096
926 -2.9490791256 3.5001965124 -2.275831484
924 -2.6076403512 -1.4128996716 -1.855990672
925 1.694115072 -3.1376973804 -2.2969501875
919 3.808582986 3.9680906244 -1.6052797065
922 -0.6193514448 2.8080018756 -2.03979891
927 0.403670454 0.0894008508 -1.6142260554
935 -2.206468158 -2.2310977188 -1.4458399082
928 3.5555773332 -0.5101026216 -2.0156942586
934 1.8572739036 -1.1781679848 -1.7549525952
929 -1.8168516816 -1.2350184528 -1.270614231
932 2.6131594404 -0.5201642328 -1.6813466416
936 -3.5779269216 2.8993175676 -1.4664588855
940 -3.7345660272 0.8700181548 -1.9850293407
937 -1.8796260072 -3.1761893304 -1.4389456322
943 -2.3200308228 -0.46229079 -1.7414620059
942 3.2984514528 3.2635316568 -2.1270054378
944 -0.479102634 -2.9108053692 -1.5704315494
952 -3.7719988308 -1.1209239204 -0.8881226809
947 -3.3813519768 -1.967985426 -1.5358463343
946 -1.7911812624 0.3494778108 -1.4935377265
953 -0.815084448 0.5384378244 -1.1366813536
951 -0.869835012 2.0531448096 -1.3419337331
954 -1.2022504116 -0.4462651296 -1.2617149866
963 -0.2773636416 -3.9806886312 -1.508806296
962 -3.3255256788 3.8660058768 -1.4251456877
955 3.6251703756 -1.648037268 -1.4500928695
961 1.1289409248 -3.570888774 -1.5949013436
959 2.5795430916 -3.9122138892 -1.5094189459
969 3.646946784 1.1161870596 -0.9178016996
967 -0.8470190928 -1.3589850252 -1.0611303174
971 0.183879282 -2.1880018788 -1.3659778167
966 -3.7457955132 -2.7822029964 -1.0840606361
972 0.0750380472 2.7398438556 -1.3237181269
965 2.1774265704 -2.9998735152 -1.4326554935
968 -0.0465725364 3.7272919812 -1.4220098021
978 0.9761395308 -1.6243945788 -1.5997670695
979 2.4585203424 1.6321254144 -1.520913656
976 0.9788999088 2.451593316 -1.6422693343
981 2.1123911784 0.694835772 -1.4896396532
984 1.723259838 -0.2466335028 -1.3165914346
990 2.7760500792 -2.2293080868 -1.6506465077
987 0.357991176 -3.1591867896 -1.0833176281
986 0.1372506636 -1.1584182996 -1.1002271237
983 0.974292354 3.7053188256 -1.3948472177
993 0.2081398764 1.7884270836 -1.0474197366
991 -0.1824661092 -0.1812137988 -0.8508444648
998 -1.2643919508 -2.4321948132 -1.1797068116
997 1.8654854436 3.3696503328 -1.0897919502
996 -2.7446770428 0.6504259608 -1.4923587624
994 0.4380010092 3.535134402 -0.5683935882
999 3.6484705032 0.4026437856 -1.6181688121
1003 2.7335645328 3.72034353 -1.4404531064
1000 1.8205190016 -2.066414136 -1.2970591251
1008 2.6203839924 -1.3827183468 -1.1423055968
1006 -3.48316323 1.1725518444 -1.066242422
1004 3.2667013536 -3.4456250328 -0.9528099345
1007 -1.4778782832 1.2868686396 -1.1367281171
1005 3.3674022312 -0.7223834304 -1.0575179649
1001 3.7434985176 3.0373991808 -1.2459259984
1015 1.8708517332 2.3751281148 -1.1968275598
1014 -2.0410529796 3.5442635316 -1.8606075454
1011 -1.9230268476 -3.723697134 -0.6029871206
1010 1.3362262716 -2.8766641584 -0.9061944657
1017 1.103136948 0.5382836724 -0.9937381185
1026 -2.3628725532 -2.807991024 -0.6448225413
1024 -1.3079771028 3.7407488112 -1.2100949181
1020 -0.6129482796 1.3847272836 -0.6439542654
1022 -3.5229724644 -2.0058178752 -0.4947554287
1019 3.3951522456 -2.4483850692 -0.897038129
1025 -1.1240567412 0.9044058924 0.0746567036
1023 1.557028002 1.4305573632 -1.1022233873
1029 -3.1152530856 2.1149937552 -1.0042213048
1027 -3.0449766456 -0.4547941968 -1.0530125892
1033 2.5535350128 -2.8355737572 -0.5208495795
1031 -3.7921780416 0.231978156 -1.2067244524
1038 -2.5422203472 1.3051130448 -0.7552489402
1036 -0.4313991192 -2.7426854556 -0.585848752
1039 -2.0724168348 -0.3506171736 -0.7791807015
1041 -1.8597291672 0.5931876972 -0.5265680038
1051 -1.7492412276 1.6209710868 -0.234491528
1053 3.7875776724 -3.9886857756 -0.2648980609
1050 -3.5669183964 -1.1943586524 0.0878109367
1046 1.7938222464 -2.222561934 -0.3045499222
1052 0.1350078036 0.7951504068 -0.9589338233
1045 2.8585074456 0.2058507468 -1.0391713403
1047 -0.2405788044 0.4674435912 -0.0921657354
1054 1.4958396708 -1.2192870384 -0.8234958773
1057 -3.7156432116 -0.296154708 -0.3257522792
1056 3.9098868636 2.5403897844 -0.3943592255
1062 2.379377832 -0.5648208684 -0.6204665419
1055 -2.0036931516 -1.8817648248 -0.5311839038
1063 2.526794208 2.0029791144 -0.5404179575
1071 -1.038230004 -3.54160095 -1.0312832663
1066 3.3545540856 -1.5395655828 -0.4820842996
1067 0.8929652916 -2.0038376004 -0.6785813243
1069 0.8380387428 -0.4710319788 -0.9094808036
1078 -1.1084745312 2.8540381488 -0.793694359
1077 -1.4906661252 -1.04395032 -0.3448865859
1072 1.3836015108 1.0616174748 -0.1893008378
1088 1.1237819856 -3.615938466 -0.2672147498
1085 -0.0503496432 -1.83874338 -0.3917359063
1086 3.5802546252 -3.0246467208 -0.1019145131
1083 -2.08807176 3.1815235728 -0.9299662639
1087 0.624201564 1.7163796548 -0.1415272927
1082 -2.1179784816 2.1831064932 -0.9760555852
1081 0.8205505056 2.6167789176 -0.6688415521
1090 -3.1377916884 3.8314158492 -0.4437382451
1097 -0.1709385888 2.7712038 -0.3553803122
1093 2.5126360836 3.813037224 -0.4697153492
1092 3.3323363448 2.1350601972 -1.1178104725
1095 -0.2176552152 -3.755841912 -0.5019235618
1091 -1.092988992 -0.026462328 -0.3608067289
1107 2.0267173404 -3.6689570184 -0.7051504354
1103 -0.5064245628 -0.9027665328 -0.2393553877
1101 -3.7268231088 0.6980487156 -0.2204690376
1100 1.4999608284 -0.44557836 -0.1604904608
1105 1.984138008 0.3516412992 -0.5592248763
1102 2.4126625764 -1.4511050088 -0.1593507861
1106 0.7118389056 0.1694597592 -0.1511846731
1099 2.785964028 2.9241110784 -0.8370940676
1115 3.512408466 -0.6410138472 -0.0721102141
1110 -3.5718387588 -2.927061252 -0.1091609615
1108 -3.4645769796 2.8868257584 -0.4730152837
1114 -2.815447236 -1.4121148728 -0.8778992777
1124 -0.5510308044 3.679569948 -0.5600239788
1121 0.5742243648 -1.0899766128 -0.1700952559
1128 -1.3845849564 -2.9302007676 -0.3200379903
1129 1.5546550164 2.0408102856 -0.3096195072
1126 -1.4268409596 -3.7367537112 0.2710417315
1131 1.9944032136 2.9321704056 -0.2000116013
1134 2.8243976364 -3.6972638508 -0.0919857742
1133 3.7149229656 0.6029220852 -0.0622818563
1130 1.3801671672 3.7163318628 -0.2878653936
1138 -1.8196249464 2.6234769948 -0.1295793564
1142 -2.7270383928 -2.2151513076 0.0733618553
1140 2.8187644092 2.5667322828 0.2321385574
1109 0.176355294 2.354310354 0.4844514851
1139 0.4968499392 -2.8468706232 -0.1441572924
1144 0.6624564048 -1.9674439164 0.3011726248
1146 2.3160544752 -0.621123762 0.3899741553
1150 -1.8734201472 -0.2997984372 0.2024465218
1152 2.4869377584 -2.4014094396 0.3934209988
1154 1.3883827116 0.2324197044 0.5821619599
1155 -1.034686644 -1.9937125296 -0.3118378672
1157 -2.864705118 1.090870674 0.1666769238
1161 1.9183228908 -3.1917775548 0.1666961345
1156 -2.8350605412 0.374649864 -0.5359283174
1160 2.7504234672 1.0300608912 -0.4834663323
1164 -2.7585198228 -0.6417731496 -0.1131534019
1167 -0.9204668028 2.16267885 -0.0961134056
1168 2.2048131816 0.7805630496 0.316433032
1170 1.4678441076 -1.3914765084 0.162234506
1163 2.2234548876 1.7780202468 0.3854810742
1180 2.8476720324 0.1054492524 -0.0449191748
1172 0.8561053008 3.0438506256 0.2346586218
1174 -0.9298562532 -0.4346221344 0.5361746689
1169 3.4460063184 -2.1286845108 0.3205234727
1171 -0.5552036724 -3.2477001816 0.2899034738
1181 1.1467108644 2.1418906812 0.5975204852
1186 -1.0207543632 3.1605350712 0.1536162146
1182 2.6527646556 3.7455435696 0.5178421803
1190 3.4022221356 1.7132338596 -0.1539582803
1194 -3.9173586396 3.8607412272 0.181710349
1189 0.5358691152 0.931911876 0.4713332678
1195 -2.252360928 -3.1733364432 0.279125369
1193 3.3272727516 3.355113042 -0.1139748089
1206 -2.7615280032 2.2905308328 -0.0855214868
1197 1.9788842916 2.6702958636 0.7648808796
1205 -3.5645298756 1.6927152504 -0.2167746467
1200 0.3311998596 -3.708224562 0.3359039677
1207 -1.445095266 3.9832530132 0.5313521229
1209 -0.4245053316 -2.266949814 0.431769803
1210 0.9663058428 -0.6779664276 0.6523999495
1208 -2.8859278644 -3.6103819296 -0.3589909845
1213 -2.3037600516 3.4963663788 -0.0058831564
1212 -3.981111198 -3.7954455576 0.2688792428
1241 1.190749068 -3.4759768284 0.7910148995
1216 -1.7682475152 -2.2938200352 0.3490002401
1198 -0.2783110932 1.4844647736 0.2930667324
1231 -0.0738356076 -1.3383767004 0.5495631349
1225 1.5972085848 3.5903433528 0.6793890207
1228 -3.2493246504 1.8278737128 0.7225426172
1227 0.4448114868 -2.8129335828 0.8536130848
1219 1.4986854564 -2.4042726228 0.6331537173
1226 -1.0691676192 -1.42341966 0.5074280372
1245 -3.6834049284 0.9276601692 0.7515117917
1234 0.0557022756 -0.360702462 0.3852539992
1242 3.6474918 1.2519470412 0.6984529047
1230 3.6259385172 2.2510419744 0.730764865
1250 -3.0406813884 -3.8157991788 0.6072176758
1248 2.7007303404 1.2208065672 1.0645823665
1278 2.766376974 -0.6828900072 1.3276433104
1229 1.439888238 1.2074515332 0.7981092898
1255 -1.5725434728 -3.0742984836 1.005741313
1243 2.409668958 -1.5097291956 0.8387217853
1257 3.3598471596 -1.2198803328 0.7282441372
1246 -3.905860032 2.4645598776 0.3187783091
1273 -3.3593649744 -1.8891450864 0.7759808791
1258 -3.09382458 0.1466835276 0.4020530263
1259 -3.2735095668 -0.698308506 0.904847659
1237 -2.0132003772 0.6564406128 0.459181987
1249 3.1916264592 0.3757830588 0.8537161753
1272 -2.1907197108 -1.3549282536 0.2979262707
1261 3.0557376468 -3.1469939628 0.7400231855
1256 -0.6013325616 0.4865520564 0.8401317273
1269 -3.6866711616 -3.0573780024 0.8755786618
1263 -3.1720788684 3.2369156016 0.4168240799
1265 1.1462738808 -1.5870834252 1.0890812449
1271 -2.2587011136 1.746686352 0.6162778815
1270 2.5010904864 -3.9619837884 0.9038398304
1254 -2.655117762 2.5904333796 0.9777983532
1260 3.1902702972 3.0919582872 1.0501944729
1266 -1.8120108828 3.081197232 0.7591886162
1274 0.6570580212 3.7687070268 0.9686266126
1289 -1.7009663328 -0.8451016848 1.0229220865
1288 -2.7634908888 0.7703401164 1.1103415688
1290 2.2483189452 0.1365523872 1.0830432106
1352 3.0818511324 -2.2813367208 1.2388438662
1281 -1.2657246396 1.66959138 0.7022797927
1297 1.78296453 -0.825730764 1.2108267792
1294 -1.2162290808 -2.1549387696 1.171821209
1309 -1.4906037912 0.1367871132 1.1346843374
1283 0.2316045588 -1.938415152 1.2888134606
1305 -0.6427947396 -0.280089846 1.4807011015
1315 2.7478962 2.2091982432 1.2069957961
1312 -0.73968384 2.5058171376 0.8547981404
1328 -2.7691724256 -2.6720219688 0.9722568428
1300 -0.0879856812 3.3184558812 0.4771329493
1321 2.0928755544 -3.0310301628 1.1379660346
1292 1.1072277936 2.9151545316 1.2301035061
1311 0.3533479716 0.216850956 1.1452970603
1320 -2.44044426 -0.1754773836 1.0866927507
1330 -0.82269306 -3.8224904028 1.0630662991
1318 -0.4903874064 1.3846254948 1.2655957068
1310 -2.5412871576 3.8727723972 0.8894856927
1277 0.1258034904 -3.6378751968 1.319885517
1316 -1.8105222 1.1101355124 1.3266539454
1332 3.8579508576 -3.174649296 1.336224997
1326 -0.5290954332 -2.8796389368 1.2191350799
1341 -1.7788490376 2.259447324 1.3279229645
1239 -0.6143920128 -1.3071131772 1.3900751931
1348 2.2826817096 3.4128700404 1.3850514819
1298 -3.6072605556 2.7749177316 1.2207833158
1329 -2.1796698096 -1.8877269756 1.1648631567
1333 -0.7790912388 3.5722433988 1.1538187774
1357 1.8115986408 1.9151199636 1.3988064175
1233 0.4625896716 1.6639029024 1.1485690638
1313 0.1151085588 2.8621768524 1.3435972186
1410 -2.7564534276 -3.5109377568 1.5161014368
1307 0.2178680088 -0.7594098804 1.3102929545
1390 1.9154707608 -2.0838391524 1.4908843535
1361 3.6483885936 -0.2418785232 1.4935444511
1335 1.1988820128 -2.7805859592 1.5095184659
1393 -3.7223134224 -1.337813112 1.5284297121
1291 0.9256004976 0.9002451276 1.5982216675
1363 0.2535053892 -2.7903301092 1.8348146316
1323 -1.7169040176 -3.6807992628 1.7875034484
1347 1.38347322 3.7296042456 1.7403052075
1344 -0.7751204352 -1.004655738 2.3295134841
1345 -1.2261376008 1.68423825 1.9308565283
1302 -1.5142035684 -1.4402136276 1.8044470781
1380 1.4136709284 0.5816801976 2.4106361999
1376 3.8196449484 -1.2192055872 1.6157708574
1327 1.0222029096 -0.9688713276 1.8649958038
1402 2.0228961708 -3.6457251048 1.9237150862
1338 3.7613533848 2.4970187532 1.6904796639
1351 3.8180097564 0.7422824208 1.54163016
1391 -0.9948865692 2.6496094716 1.8105288534
1374 -2.2856867064 -2.6696613792 1.8475674798
1408 -1.9251965484 2.2864895244 2.3167555085
1368 0.9308166312 -1.9546553916 2.0050443302
1392 -0.4995658716 0.0551124252 2.4109888404
1373 1.9277404596 0.916097472 1.6208877174
1371 0.075192678 3.7604991024 1.7809273812
1387 -1.616904228 3.4211665488 1.6784411704
1354 2.9803958304 -3.5234598792 1.6636672648
1370 0.1293251124 -1.3646225244 2.1012129766
1436 3.274703178 1.8093827352 2.7163052457
1358 -3.0619351668 3.492293898 1.653748852
1395 3.3344208612 1.59434865 1.7416346518
1375 -1.0138467468 0.71660199 1.79506849
1364 3.7079679936 3.4767483216 1.9735842158
1362 -0.020038902 0.7647805644 1.8935768552
1377 2.8590520236 0.5424511572 1.7816083396
1383 -1.5124125768 -0.4501377444 1.9439658672
1384 -3.8031251808 0.50152308 1.6478169369
1428 -2.093546346 1.2613686348 2.2734621764
1388 1.971609582 -1.0375824156 2.1696922308
1403 2.7654981276 -1.5443760036 1.8351994625
1643 -2.1818112312 -0.583197912 3.412197037
1405 -2.122382388 0.3396452232 1.8824114457
1412 -2.9724980964 0.8150244432 2.1072111852
1303 -3.0883705416 -2.0875702848 1.7177098097
1450 1.5905071704 -2.8949635992 2.4224245079
1413 0.66423714 -3.191291184 2.6535220462
1566 3.91840971 3.8596793616 2.9743189587
1407 2.4835153416 -2.725394766 2.0061310011
1409 -2.3332617708 -1.7557044012 2.2826548885
1419 1.7854559256 2.7513781992 1.9463816786
1418 -0.840038172 3.7998497508 2.1806200966
1417 2.475950916 2.0022014652 2.146526278
1420 0.9326133024 2.1691839204 1.8720987842
1426 3.1875578508 -0.7305145188 2.2340729068
1423 -2.949932292 2.528548746 1.9325211694
1424 0.574774218 1.3945844352 2.392873885
1429 2.893558338 2.8966579788 1.9849218427
1431 -2.4078412584 -0.5436572232 2.3789354201
1425 0.419964852 -0.1473101088 2.0747961809
1427 -3.1670307612 -0.255832332 1.7952243549
1433 2.0044963152 -1.986853146 2.4820176555
1435 -0.5216346552 -2.1563151432 1.9093703136
1434 0.7279422672 3.1037720088 2.1626144596
1440 -0.247337028 3.0157762668 2.3643552986
1443 -2.3612545536 3.2372637228 2.320062418
1441 -1.297061508 -2.786673642 1.9418482665
1445 -3.5054363088 -2.9767380828 1.9080304006
1451 3.8913812736 0.06904287 2.4122123081
1655 0.0618574584 -0.768278112 3.8242135172
1447 -0.150107148 2.0764588068 1.9023966807
1442 -0.6176582604 -3.5183037216 1.9930992397
1446 1.5940223508 1.5599623968 2.3092510285
1444 -3.4615597728 1.6867879524 2.1036995579
1457 2.313198648 3.9767996724 2.2101099812
1456 0.8591237868 -1.2452306328 2.8119623301
1503 -3.9798798468 0.4472096616 2.6302382283
1452 3.4759544748 -2.635599492 2.0864076711
1455 0.0330191952 -0.6823715112 2.8257133163
1454 -1.4123557836 3.096313692 2.6016610953
1463 0.1583844156 -2.2060936944 2.6404821535
1464 -0.7107590064 3.5598643596 3.1426409018
1460 2.105271366 -0.0527737776 2.05959769
1461 -3.1616099172 -1.1993664036 2.3446622758
1465 2.9465486928 0.1941660396 2.7144336858
1459 1.3476407136 -0.394612098 2.615718036
1466 -1.2488648628 -2.02004898 2.5820551484
1472 -1.1747939868 0.6920514264 2.7816018415
1473 3.8330924664 -3.9443063808 1.9741582521
1469 -3.85783761 -1.9164266196 2.3324565714
1475 -0.8320030092 2.292292584 2.7299188523
1476 3.5419402692 -1.7040799224 2.4446197763
1477 -3.8725483536 -0.5465012148 2.6053926211
1484 -2.5284520224 -3.7646001432 2.4559445754
1483 -1.50676908 1.6081142796 3.0044259851
1479 2.8424474244 -3.4042718292 2.6465618084
1481 1.3885130316 2.408034726 2.7975855562
1492 1.0147091388 -3.72817848 1.7686503117
1494 0.260995284 0.5515508868 2.8291638302
1508 2.2793801436 -0.508285326 2.9598325037
1489 2.4207267972 1.04195115 2.528727293
1499 2.987673486 3.5369811852 2.8026986931
1500 -3.5976919812 1.3528197924 3.0363072252
1495 -1.6878471972 -1.1357653764 2.740954409
1502 -0.487024548 1.374424134 2.5339846884
1496 -1.6823907312 -3.2969285916 2.710026453
1501 -3.7909919868 3.9851290596 2.666826372
1497 2.316714342 2.7799278852 2.7930195755
1506 1.5385264116 3.3957637068 2.6700863382
1505 0.2313391176 3.7403749608 2.8597840957
1509 -3.0571923924 0.1033088604 2.804198904
1507 0.7111363356 -0.1709841924 3.3534968599
1515 -3.4242756 3.055329978 2.6377354605
1512 -2.4663051588 2.82636201 3.2256053493
1629 -0.6209662488 1.1190386148 3.4962230485
1513 3.5982032184 2.7547716588 2.6800369383
1521 0.3964121772 2.3288152992 2.7009085377
1517 2.8258063332 0.1504929084 3.7060165343
1529 -0.586281822 -2.1969236868 3.311837761
1534 1.1066893512 -2.2028969532 2.9576426761
1539 -2.773114236 1.9955596416 2.7599046904
1532 -3.028315224 -2.3552148516 2.6793026599
1535 3.2390011308 -0.6236717568 3.2267567017
1538 2.7041965728 -1.4115097344 2.9051035537
1542 -0.7205503572 -3.0947277228 2.8929633895
1543 -2.0782361736 -2.4206746104 2.9842280746
1688 -2.2051650084 -2.371779666 3.9747728478
1554 -1.233582054 -0.2833385868 2.9997270733
1549 -2.8546547088 3.8124142692 2.9719677544
1550 -1.0280414208 -3.8449091988 3.6937273407
1556 1.9303001628 -3.6842708784 2.9455705352
1551 3.630995484 0.8956327176 2.9106916478
1552 -3.3248693664 -3.2969054352 2.838175958
1559 0.2630334504 1.5567431208 3.328647883
1563 1.75923027 -1.36918089 3.2292162169
1562 -3.9365589504 2.293408362 3.0513476502
1561 -2.0681512884 0.253677714 2.8769377349
1565 -3.9099119064 -2.5353913908 3.1152975161
1564 -0.3701955948 0.0284412696 3.4016702709
1568 1.193661762 1.2104608332 3.1562838747
1574 0.0149829912 -3.6775489572 3.2376648918
1571 0.9184855416 3.3295073508 3.4586206189
1567 2.1658097196 1.8347841408 3.0821858519
1570 2.8880793312 -2.393266446 2.8581364798
1573 0.3747687696 -2.6998404852 3.482439503
1579 -2.6476678452 1.0436541612 3.076777254
1585 -3.5986079976 0.4968642336 3.5531564798
1578 -0.6748608564 -1.2010924152 3.3047720922
1581 -1.5322010064 2.5210750116 3.4105765337
1584 3.8822053104 0.1063133388 3.4703680813
1587 -3.1484192472 -0.7846994844 3.2543452571
1590 3.5407248804 -1.5542471712 3.433853637
1589 -3.4137897012 -1.730517204 3.4401808517
1591 0.0083620968 2.9184921696 3.4090266143
1602 3.531164934 3.170711928 3.5869459156
1600 -2.6380636968 0.2604672696 3.6983802733
1596 -3.3679642332 3.247179192 3.6175069091
1597 2.0087864664 0.4242912672 3.1986359259
1594 3.95537457 1.6806609756 3.4374294064
1598 2.9231624892 -2.2799238108 3.8519361662
1599 3.3733609896 -3.0619327236 3.4214073261
1610 -3.13262181 -2.6556110592 3.7317995784
1609 2.9356186872 2.376437376 3.4668836627
1608 0.217838508 0.7031837268 3.8472980516
1611 -1.8198365832 0.8809679208 3.6145807075
1605 3.9934961028 -2.4569412204 2.922370873
1604 0.8036402076 2.3480684268 3.6139059212
1606 -2.45230479 -1.532140122 3.2500067482
1620 2.8717595112 1.2382576044 3.4639396237
1614 0.7789967256 -3.7718646192 3.9019255665
1617 -0.4891219272 -3.0211467336 3.8696197504
1615 -3.8813026668 -3.8969615004 3.4128036419
1612 -2.2789733232 1.80619032 3.6083334449
1621 2.723096358 3.7745496096 3.7371808467
1626 2.0429404848 -2.3980193724 3.3926109363
1627 -0.509631486 2.0997371772 3.6563521411
1623 0.258231834 -1.6929812496 3.4926428306
1624 -2.459393976 -3.2812955628 3.3387933801
1631 1.6318519128 -0.3526087884 3.7051729437
1622 1.3018580352 -3.0685496832 3.420369288
1635 -1.3613490684 1.6957790268 3.9898277188
1633 -1.6120331952 3.5045476344 3.572298552
1632 1.9036528632 3.2213181456 3.5892623193
1647 1.7635938396 2.2762109832 3.884143083
1641 1.2241336632 -2.0869327128 3.943769754
1642 1.0020929844 -1.1183183184 3.8330382655
1645 2.7261666852 -3.8130015936 3.5516205135
1654 3.8785446072 -3.899984244 3.6261161733
1650 -3.8230896588 -0.4160272008 3.8937478905
1648 -1.5116573064 -1.7516726112 3.5088092624
1653 -1.37212524 -0.8551312872 3.9321467876
1701 -3.1612157976 2.2709817408 3.6823022163
1664 -1.2249638916 0.133503726 3.9094303317
1663 1.9390454772 1.2024843492 3.8227383078
1681 -0.8410361736 2.9939300196 3.9566334024
1676 -3.125960856 1.299539274 3.9168533375
1684 -2.532330114 3.7108867728 3.9129069104
1686 1.2016806312 0.530697498 3.8896612473
1698 -1.441208592 -2.8939411872 3.5925015775
1697 3.980625156 -2.3145001488 3.9117221338
1293 -2.6372727876 1.66501758 1.537973803
1714 2.5100765412 -0.793657176 3.889808984
1350 -2.5875651288 -1.0550861808 1.5387919457
1251 1.2544103472 -0.0415785072 1.5344502252
